
Rac=.039085;
i=784;
deltap= ((3*Rac*(i^2)*180)/250000000)*100